664,8459254786586
831,0545101384886
156,3044601233231
699,5555535510907
256,69216677671864
575,3996461925095
970,11474163044
277,0550485220994
446,3807923804879
520,0240713409261
106,45334506242226
732,6358789501879
292,9519516466893
959,1970736362026
885,6785120175585
130,55128172205355
803,7617367081166
213,58310485006456
506,5578943609995
374,1471326803542
751,2556792098356
619,970136426841
991,2362037241627
732,6820342199328
162,77777056944453
704,0291828559848
586,2969927998711
272,1744386498697
227,17747414725716
855,1105695074008
413,46927090243867
712,4950301640179
691,97728872205
655,2067402821066
988,6140121135926
641,8270174506246
167,3200639743917
368,751663138043
887,7336744823184
678,9776100427739
323,2736989167862
214,09597230148313
105,0051354463236
108,48509847907587
612,9516882998644
496,2751059794217
744,1951846350893
817,2556591351776
615,0828307937285
380,0145623195053
656,4965134484212
723,4557254945188
257,84507165609165
957,2213288541983
997,4402218500339
368,4084400871808
579,863086328778
874,0750280698179
407,58583837867985
539,6527130280867
969,1324564344867
672,0369263808415
255,3273624159989
198,8798536029085
568,0434821681322
259,7926533109474
478,6294655891273
422,75218446774045
621,6716105335726
927,1613512547507
145,78856003926535
538,1296298700057
686,0325501933845
766,8541116606696
399,72337762393215
921,9880301509928
634,659574924344
142,4861923761136
872,6564931583854
354,84793975802506
760,0742910150784
729,9543693284292
335,5063012342464
987,9039806494974
553,1096871234987
544,6703243407749
697,3272559984248
640,1788397893212
680,5072586920612
445,1404716396427
626,2557078005074
591,7982806567095
216,1897644573775
278,76181160554376
623,8727688560601
902,923786219174
449,0727303694341
483,9766998132582
179,53287765408535
879,1464325204242
